<?xml version="1.0"?>
<opencv_storage>
<currDist type_id="opencv-matrix">
  <rows>5</rows>
  <cols>1</cols>
  <dt>d</dt>
  <data>
    -3.8146189481022986e+001 1.1630563497928124e+003
    6.4494219699076745e-003 1.2387892658547131e-002
    -1.4462859594550609e+004</data></currDist>
</opencv_storage>
